Opponent
 Armor
 Class  up to 1-1  1-1  1  1+  2-3+  4-5+  6-7+  8-9+  10-11+  12-13+  14-15+  16+
               0    1   2  3    4     5     6     7      8       9       10    11
------------------------------------------------------------------------------------
  -10         26   25   24 23  21    20    20    20    20      19      18      17
  -9          25   24   23 22  20    20    20    20    19      18      17      16
  -8          24   23   22 21  20    20    20    20    18      17      16      15
  -7          23   22   21 20  20    20    20    19    17      16      15      14
  -6          22   21   20 20  20    20    19    18    16      15      14      13
  -5          21   20   20 20  20    20    18    17    15      14      13      12
  -4          20   20   20 20  20    19    17    16    14      13      12      11
  -3          20   20   20 20  19    18    16    15    13      12      11      10
  -2          20   20   20 20  18    17    15    14    12      11      10       9
  -1          20   20   20 19  17    16    14    13    11      10       9       8
   0          20   20   19 18  16    15    13    12    10      9        8       7
   1          20   19   18 17  15    14    12    11    9       8        7       6
   2          19   18   17 16  14    13    11    10    8       7        6       5
   3          18   17   16 15  13    12    10    9     7       6        5       4
   4          17   16   15 14  12    11     9    8     6       5        4       3
   5          16   15   14 13  11    10     8    7     5       4        3       2
   6          15   14   13 12  10     9     7    6     4       3        2       1
   7          14   13   12 11   9     8     6    5     3       2        1       0
   8          13   12   11 10   8     7     5    4     2       1        0      -1
   9          12   11   10  9   7     6     4    3     1       0       -1      -2
   10         11   10    9  8   6     5     3    2     0      -1       -2      -3

Opponent
 Armor
 Class up to and 1-1   1  1+  2-3+  4-5+  6-7+  8-9+  10-11+  12-13+  14-15+  16+
                  0    1   2   3     4     5     6      7       8       9      10
------------------------------------------------------------------------------------
   0              20   19  18 16     15    13    12     10      9       8       7
